Demand_Time	Vehicle_Type	产生地	目的地	SOC
5.777948	P	151	65	0.15
12.241935	P	97	69	0.22
5.549152	P	77	59	0.24
6.820416	P	168	72	0.22
6.344730	P	44	87	0.29
11.035893	P	144	55	0.16
9.775783	P	119	199	0.18
6.871113	P	12	28	0.21
6.437821	P	202	142	0.30
8.592707	W	164	178	0.21
8.688958	P	181	190	0.20
8.017603	P	89	25	0.18
6.136116	P	87	116	0.30
7.963416	P	88	103	0.19
9.573535	P	9	78	0.30
8.554523	P	186	213	0.13
5.667673	P	194	200	0.26
9.410339	P	74	127	0.29
4.386893	P	202	119	0.25
10.339708	P	179	19	0.30
8.562163	P	207	110	0.27
6.218509	P	205	149	0.13
9.413613	P	31	185	0.21
8.221001	P	80	108	0.22
7.622058	P	35	187	0.10
7.795561	P	188	115	0.23
9.572959	P	11	176	0.26
6.239971	P	48	81	0.15
9.013172	P	57	133	0.24
7.346395	P	166	136	0.30
8.491914	P	104	177	0.16
4.327032	P	76	88	0.30
9.068642	P	54	63	0.30
8.487797	P	146	112	0.17
8.239373	P	30	186	0.14
7.977354	P	73	212	0.30
9.471400	W	160	215	0.26
4.072121	P	95	201	0.10
9.352864	P	209	85	0.26
10.118408	P	29	37	0.27
9.652984	P	124	135	0.30
10.310614	P	130	63	0.24
8.642711	P	171	34	0.21
7.707238	P	100	149	0.14
11.761221	P	35	169	0.25
6.970921	P	29	128	0.18
7.589792	P	155	103	0.30
6.135476	P	171	64	0.23
9.290075	P	60	102	0.23
9.638581	P	82	107	0.22
10.946174	P	34	161	0.19
8.115012	W	59	11	0.18
6.736943	P	193	69	0.15
8.828434	P	150	210	0.17
5.999553	P	88	105	0.23
9.481083	P	170	110	0.23
9.298856	P	137	25	0.20
7.274583	P	28	154	0.29
8.685757	P	200	33	0.23
7.200763	P	97	65	0.23
8.249644	P	141	126	0.18
8.356168	P	14	188	0.15
8.783185	W	63	103	0.23
7.367829	P	135	187	0.12
8.144238	P	75	208	0.10
8.902943	P	208	195	0.14
5.901629	P	186	214	0.17
9.654230	W	96	184	0.12
9.910542	P	197	31	0.24
8.809035	P	177	14	0.18
7.465974	P	122	200	0.21
8.242379	P	100	206	0.29
4.483248	P	96	6	0.25
9.666768	P	166	214	0.29
7.952555	P	100	187	0.26
8.955479	P	37	55	0.23
8.809319	P	132	60	0.18
6.435197	P	200	129	0.24
8.252004	P	71	77	0.13
7.954369	P	83	171	0.27
11.776300	W	119	48	0.27
4.648212	P	173	54	0.18
10.237764	P	110	94	0.22
9.255853	P	54	171	0.18
10.184979	P	181	94	0.30
9.328677	P	168	50	0.26
10.156477	P	22	121	0.28
7.189678	P	182	157	0.29
9.753052	P	135	107	0.26
8.253616	P	30	4	0.30
11.531794	W	160	65	0.26
12.114777	P	33	36	0.11
10.644591	P	206	203	0.14
7.355020	P	34	12	0.27
8.377394	P	36	52	0.16
8.305733	P	183	67	0.17
11.069663	P	198	157	0.10
8.434709	P	202	159	0.23
5.291920	P	212	28	0.10
10.135250	P	50	119	0.22
3.768088	P	157	77	0.25
6.469619	P	19	90	0.29
6.512047	P	122	160	0.15
9.269519	P	50	169	0.23
11.903400	P	70	41	0.29
8.898752	P	198	90	0.14
6.715065	P	193	209	0.25
8.731501	P	49	211	0.30
9.377867	W	154	69	0.11
7.559191	P	89	100	0.27
9.663308	P	72	124	0.19
8.352993	W	28	97	0.14
7.242165	P	205	77	0.14
7.666426	P	23	102	0.23
8.964824	P	215	41	0.30
7.328217	P	16	117	0.16
7.653927	W	92	123	0.25
8.211248	P	176	212	0.19
9.800321	P	177	181	0.18
5.646505	P	176	128	0.12
6.488770	P	13	18	0.30
11.012909	P	19	180	0.30
10.405298	P	161	52	0.22
6.550523	P	141	114	0.10
10.535960	P	19	160	0.23
9.177474	P	15	154	0.27
5.364969	P	99	180	0.27
11.452565	P	88	31	0.10
7.469926	P	132	62	0.27
8.680833	P	27	4	0.24
7.568734	P	61	89	0.12
8.385895	P	145	40	0.15
6.832233	P	209	212	0.20
10.203450	P	18	129	0.22
6.018717	P	26	94	0.25
8.434432	P	95	111	0.20
6.785348	P	104	124	0.19
7.306205	P	17	7	0.23
7.821349	P	11	103	0.10
9.088930	P	45	54	0.17
6.646524	P	105	98	0.28
7.902247	W	51	6	0.28
11.053807	P	141	139	0.17
5.123584	P	172	113	0.30
9.464815	P	206	20	0.17
8.905034	P	199	21	0.25
7.730283	P	197	180	0.30
7.413315	P	210	189	0.12
7.153141	P	205	55	0.13
9.117420	P	204	103	0.19
8.279894	P	2	146	0.25
10.405202	P	34	41	0.15
8.532543	P	138	51	0.18
8.064865	P	30	197	0.25
9.984460	W	78	142	0.24
10.124293	P	48	10	0.26
7.631165	P	174	48	0.15
5.992978	P	16	105	0.26
9.631579	P	145	87	0.28
9.262491	P	181	21	0.26
8.448670	P	81	34	0.13
6.198569	P	122	114	0.14
9.090142	P	98	67	0.24
6.384047	P	207	29	0.21
6.921766	P	91	142	0.25
9.291758	P	45	9	0.11
7.016056	P	73	158	0.30
8.192939	P	45	207	0.26
9.336929	P	119	115	0.27
10.699373	P	83	159	0.18
7.069713	P	85	163	0.13
8.096968	P	148	140	0.24
10.835521	P	153	165	0.23
6.758300	P	111	88	0.27
9.654621	P	101	36	0.21
8.297589	P	188	132	0.12
9.014853	P	209	91	0.12
8.403724	P	57	54	0.22
5.395517	P	172	66	0.28
9.091043	P	165	63	0.15
6.094297	W	186	181	0.23
8.145110	P	62	185	0.12
8.516151	P	65	69	0.24
11.165711	P	203	142	0.27
9.081023	P	54	16	0.29
8.017702	P	203	103	0.16
6.481060	P	6	75	0.16
7.127603	P	210	111	0.22
7.432754	P	201	19	0.30
11.827247	P	41	116	0.27
5.894798	P	186	42	0.17
8.339410	P	170	121	0.17
10.943439	P	95	208	0.29
7.612591	P	22	65	0.24
6.563836	P	143	172	0.21
5.649292	P	114	57	0.22
7.025751	P	23	208	0.21
7.053337	P	2	19	0.26
11.291178	P	194	93	0.17
7.042587	P	147	13	0.18
6.567098	P	132	113	0.15
11.080801	P	61	36	0.20
8.894872	P	103	183	0.24
5.660183	W	69	13	0.10
6.862873	P	23	189	0.17
8.815024	P	89	193	0.29
7.126702	P	78	80	0.17
4.728828	P	80	76	0.23
10.005915	P	114	172	0.30
8.802211	P	104	2	0.21
6.245567	P	79	60	0.27
9.499661	P	156	50	0.21
5.816060	P	172	126	0.30
6.606204	P	83	17	0.23
7.835021	P	33	89	0.22
8.143782	P	125	119	0.14
7.028691	P	206	168	0.21
10.567375	P	3	172	0.23
11.680274	P	53	2	0.17
8.669468	P	61	83	0.13
9.683718	P	111	121	0.18
8.487580	P	202	166	0.18
9.123514	P	154	97	0.13
6.054747	P	171	53	0.24
8.299123	P	57	184	0.20
10.879346	P	129	206	0.16
8.675044	P	160	140	0.18
7.108924	P	100	15	0.10
10.800070	P	206	12	0.11
9.246234	P	64	85	0.22
9.076183	P	102	23	0.30
6.995181	P	108	127	0.26
8.804528	P	180	199	0.28
8.180812	P	114	207	0.23
7.005244	P	189	52	0.16
10.342412	P	5	163	0.24
6.606212	P	174	12	0.14
7.133601	P	51	10	0.20
10.202574	P	143	4	0.12
8.502386	P	36	85	0.21
8.929095	P	41	171	0.15
11.201361	P	12	22	0.20
10.036886	P	59	37	0.16
10.277100	P	80	20	0.30
10.306069	P	66	158	0.15
6.100478	W	139	25	0.17
5.027272	P	169	112	0.15
6.349481	P	92	105	0.13
6.969144	P	160	73	0.27
7.759899	P	210	167	0.21
7.834640	P	36	202	0.18
8.606835	P	25	144	0.29
4.788053	P	39	137	0.22
8.255530	P	5	29	0.25
5.731445	P	118	189	0.23
8.387813	P	121	179	0.22
9.951415	P	208	5	0.26
8.043793	P	123	51	0.21
8.058446	W	161	112	0.18
9.185936	P	12	148	0.28
10.729196	P	211	46	0.30
8.430253	P	166	98	0.15
7.546019	P	51	89	0.15
7.397176	P	94	157	0.20
11.698526	P	84	65	0.18
8.866069	P	87	159	0.12
10.493957	P	69	85	0.19
9.271730	P	197	132	0.28
9.765248	P	119	89	0.18
7.695991	P	75	214	0.13
8.321550	P	63	30	0.19
8.049497	P	172	188	0.26
7.503195	P	149	107	0.12
13.244284	P	213	100	0.27
10.468338	P	31	65	0.12
10.422881	P	56	183	0.10
5.160283	P	10	203	0.20
6.954357	P	29	36	0.16
9.631622	P	86	93	0.30
5.242894	P	54	53	0.17
8.832917	P	43	97	0.26
8.722269	P	49	52	0.19
6.382596	P	215	206	0.24
7.336915	P	14	96	0.20
5.860602	W	120	133	0.30
10.152029	W	9	207	0.22
5.835412	P	88	165	0.27
10.337553	P	107	68	0.19
5.025387	P	103	161	0.11
10.411327	P	60	41	0.21
9.807207	P	66	5	0.18
5.679695	P	149	145	0.24
8.835424	P	141	95	0.12
9.706709	P	134	18	0.12
7.757465	P	68	125	0.15
6.275086	P	74	163	0.17
5.576531	W	181	108	0.25
8.298959	P	98	189	0.17
6.044499	P	146	15	0.21
8.659091	P	108	121	0.24
10.822151	P	19	3	0.25
11.383988	W	2	102	0.24
6.452220	P	17	170	0.27
8.442691	P	159	169	0.12
6.413960	P	106	70	0.10
8.594758	P	11	60	0.26
7.921508	P	81	176	0.27
9.806603	P	40	45	0.26
6.650616	P	142	159	0.26
8.354197	P	51	26	0.12
9.541859	P	24	166	0.27
8.249129	P	125	100	0.15
8.131900	P	122	177	0.14
8.467453	P	144	209	0.10
8.598432	P	43	123	0.24
8.540081	P	12	118	0.16
7.475589	P	75	93	0.18
5.830015	P	27	181	0.19
8.731434	P	140	28	0.25
9.645091	P	8	27	0.30
7.358640	P	209	9	0.11
8.132522	P	215	197	0.27
9.166722	P	25	37	0.16
8.257450	P	171	7	0.14
10.901950	P	211	203	0.29
5.589364	P	137	29	0.12
7.170327	P	163	182	0.25
7.858516	P	199	39	0.11
7.252881	P	133	128	0.10
8.062903	P	60	184	0.21
7.308180	P	180	166	0.16
7.090832	P	191	199	0.28
9.062506	P	197	80	0.29
10.509719	P	113	94	0.13
6.993114	P	83	201	0.21
7.791263	P	102	97	0.28
8.350570	P	72	101	0.13
9.931748	P	69	73	0.16
4.738168	P	149	122	0.14
7.374907	P	93	51	0.28
8.469907	P	73	62	0.17
6.944148	P	144	118	0.20
8.153284	P	76	87	0.25
9.556650	P	49	145	0.17
7.983875	P	60	78	0.19
5.203719	P	24	71	0.11
7.405586	P	17	164	0.23
8.789236	P	84	9	0.25
8.945721	P	121	120	0.15
6.443079	P	126	181	0.26
10.417180	W	153	187	0.25
13.836689	W	39	57	0.24
7.385369	W	197	127	0.23
13.203762	P	106	214	0.27
12.193409	W	178	163	0.23
13.631443	W	39	171	0.21
13.548743	W	143	120	0.14
12.110133	W	194	128	0.16
11.084203	W	200	198	0.23
9.715412	W	165	82	0.16
10.066462	W	66	156	0.11
10.365587	W	170	153	0.24
11.259886	W	54	103	0.23
8.203072	W	126	29	0.14
12.313508	W	93	126	0.27
10.347772	W	25	9	0.23
10.412115	W	129	211	0.29
7.343980	W	50	94	0.29
10.787833	W	114	177	0.23
9.466350	W	76	28	0.20
5.544236	W	99	182	0.12
14.124597	W	118	134	0.28
9.767831	W	166	80	0.29
12.477809	W	187	69	0.22
8.021383	W	78	189	0.10
14.061909	W	3	18	0.21
10.342963	W	32	53	0.28
6.756985	W	117	176	0.10
9.898817	W	121	65	0.27
15.060434	W	208	111	0.30
12.579059	W	119	42	0.16
12.246880	P	57	80	0.25
9.769952	P	11	45	0.23
8.741388	W	130	196	0.13
9.564154	W	10	202	0.15
10.580784	P	159	21	0.20
9.800727	W	210	82	0.25
12.157912	W	182	57	0.29
13.136631	W	44	14	0.18
13.979206	W	171	3	0.18
8.604591	W	99	97	0.24
6.681474	W	34	93	0.20
11.323375	W	214	24	0.23
10.217781	W	126	71	0.15
13.264569	W	104	107	0.10
16.363926	W	33	30	0.30
10.116263	W	17	83	0.28
10.690095	W	161	183	0.19
14.554055	W	181	125	0.26
11.754788	W	22	113	0.14
14.092929	W	73	208	0.17
8.354845	P	159	74	0.24
10.295799	W	147	11	0.25
12.592691	W	28	64	0.20
9.382684	W	153	56	0.24
6.972839	W	26	80	0.14
9.797764	W	20	169	0.26
12.865050	W	5	130	0.22
9.868810	W	89	146	0.20
10.961502	W	195	198	0.10
13.155159	W	157	3	0.27
11.993372	W	121	112	0.12
9.727221	W	173	163	0.20
14.105575	W	31	104	0.11
13.173455	W	188	33	0.20
8.737201	W	105	90	0.18
5.350301	W	212	1	0.21
10.094981	W	123	155	0.14
12.656544	W	64	59	0.26
12.585990	W	57	103	0.17
12.586836	W	199	184	0.25
7.489077	W	30	22	0.16
13.930082	W	151	93	0.19
11.556320	W	155	193	0.27
11.775165	W	28	167	0.23
13.256399	P	143	133	0.13
14.413044	W	124	209	0.10
8.740690	W	77	127	0.28
11.005711	W	90	82	0.19
11.774818	W	50	208	0.13
13.160210	W	213	178	0.12
13.288948	W	187	102	0.14
9.140444	W	64	110	0.27
13.823372	W	21	31	0.13
8.290409	W	11	70	0.22
13.528018	W	128	158	0.24
11.738796	W	122	4	0.18
12.134725	W	86	116	0.14
11.794737	W	136	5	0.23
10.679893	P	153	27	0.30
7.860027	W	61	37	0.10
12.042813	W	200	133	0.15
12.415949	W	39	104	0.30
13.326526	W	182	200	0.12
11.358959	W	20	207	0.25
10.878001	W	157	79	0.26
9.294485	W	175	52	0.18
11.178983	W	182	150	0.25
11.555527	W	203	207	0.24
8.799117	W	212	23	0.13
10.750234	W	180	150	0.19
13.191807	W	150	35	0.20
6.464964	W	10	177	0.30
13.859602	W	203	57	0.26
12.163788	W	9	31	0.28
12.993516	W	131	176	0.12
12.492337	W	145	84	0.18
13.766523	W	187	64	0.25
13.516314	W	8	116	0.24
13.299256	P	175	110	0.28
12.025112	W	155	151	0.15
10.298750	P	126	55	0.27
11.087069	W	147	213	0.27
11.866679	W	20	1	0.28
11.137787	W	150	43	0.19
5.819349	W	197	212	0.26
12.472843	W	12	82	0.10
12.134630	W	53	43	0.16
10.122124	W	80	36	0.23
9.721617	W	43	58	0.12
8.772916	W	63	188	0.13
11.321553	W	174	78	0.22
8.672118	P	201	138	0.17
15.026360	W	106	67	0.25
7.673276	W	136	99	0.10
9.921786	P	116	102	0.15
10.000214	W	113	99	0.10
11.757270	W	180	122	0.23
13.586941	W	148	198	0.28
11.292317	W	97	101	0.28
10.345436	W	153	161	0.17
10.370911	W	173	29	0.10
12.068437	W	48	215	0.24
11.425009	W	41	59	0.13
12.982915	W	195	154	0.22
10.675631	W	92	144	0.15
12.628603	W	190	137	0.17
11.619266	W	87	9	0.15
10.101478	W	208	159	0.27
7.752974	W	190	170	0.19
9.399624	W	48	7	0.14
8.143327	W	105	68	0.30
12.896217	W	91	52	0.15
11.053401	W	207	77	0.24
10.956221	W	208	213	0.14
11.801425	W	133	177	0.25
11.588104	W	161	136	0.16
9.760911	W	134	29	0.24
10.442119	W	125	86	0.21
14.756943	W	92	154	0.18
12.255545	W	214	147	0.12
7.670994	W	102	193	0.30
12.579934	W	172	137	0.23
13.228960	W	113	43	0.28
12.742798	W	8	103	0.25
9.738655	W	152	105	0.25
13.684147	W	177	86	0.21
11.800926	W	110	114	0.23
12.150319	W	163	209	0.29
7.985634	W	118	207	0.27
13.283006	W	105	94	0.14
9.273005	W	35	129	0.10
10.549445	W	87	193	0.14
8.238994	W	46	83	0.13
12.318520	W	114	52	0.29
11.865272	W	27	22	0.20
7.769874	W	36	38	0.23
14.352829	W	179	66	0.11
10.357496	W	135	29	0.28
9.890249	W	70	164	0.28
11.563640	W	132	124	0.23
7.411736	W	180	201	0.26
10.056639	W	17	208	0.14
11.024420	W	87	159	0.18
13.851475	W	100	90	0.25
13.069553	W	191	165	0.22
13.207452	W	91	207	0.27
8.555923	W	113	67	0.16
14.014481	W	188	59	0.22
12.277952	W	143	121	0.14
14.178162	W	60	83	0.24
11.324002	W	99	147	0.13
14.980758	W	212	17	0.25
10.905744	W	65	145	0.22
13.277741	W	174	75	0.16
13.285497	W	14	159	0.23
10.455728	W	94	101	0.23
10.258422	W	153	209	0.14
9.473499	W	23	113	0.18
13.045773	W	46	208	0.27
13.431581	W	112	89	0.22
10.526621	W	173	68	0.20
10.186704	W	10	3	0.27
12.104725	W	99	103	0.28
6.789774	W	78	169	0.10
10.535193	W	119	25	0.26
9.891001	W	67	180	0.24
13.916933	W	174	117	0.12
12.296770	W	13	105	0.23
10.332290	W	121	104	0.12
8.959735	W	32	142	0.15
7.005938	W	163	5	0.21
12.485725	W	32	115	0.10
14.319631	W	174	86	0.18
12.249674	W	55	184	0.25
12.131737	W	49	59	0.16
6.819568	W	21	30	0.10
10.787324	P	213	95	0.20
12.938061	W	25	63	0.26
12.987226	W	165	36	0.10
11.697808	W	67	12	0.14
10.819009	W	30	123	0.15
9.020075	W	186	105	0.16
14.009738	W	49	191	0.16
13.046251	W	107	36	0.17
13.047899	W	183	205	0.19
12.155739	W	141	193	0.12
12.828653	W	161	6	0.16
11.944636	W	143	14	0.20
8.429310	W	50	138	0.23
13.568639	W	33	120	0.16
11.457083	W	207	104	0.14
9.057226	W	15	135	0.25
11.749352	W	90	149	0.17
9.661593	P	143	107	0.19
13.746920	W	98	113	0.19
11.186684	P	48	123	0.25
10.129937	W	25	96	0.28
10.794796	W	16	95	0.27
10.952522	W	153	209	0.21
12.125649	W	75	156	0.11
13.829280	W	86	105	0.23
10.906972	W	58	206	0.10
10.561147	W	160	198	0.14
10.431251	W	16	94	0.28
8.817600	W	137	19	0.23
11.564390	P	22	60	0.15
10.279853	W	121	29	0.25
10.016145	W	42	128	0.14
12.691863	W	44	131	0.17
10.203408	W	176	62	0.10
10.843372	W	100	214	0.16
8.752796	W	213	44	0.10
8.293080	W	46	130	0.28
10.947378	W	207	36	0.20
9.658617	W	33	56	0.23
11.611294	W	97	142	0.17
8.862138	W	149	46	0.27
10.181280	W	159	60	0.25
8.568061	W	38	135	0.30
12.266679	W	157	172	0.18
11.860156	W	82	128	0.12
10.581165	W	209	76	0.19
9.559094	W	33	202	0.14
6.235976	W	135	75	0.26
12.061780	P	165	102	0.30
9.979412	W	194	136	0.25
13.445833	W	49	1	0.23
11.584885	W	196	57	0.10
9.101203	W	1	62	0.24
8.959669	W	156	50	0.16
13.901838	W	146	78	0.19
11.303480	W	15	161	0.12
9.498319	P	75	24	0.18
12.728473	W	100	167	0.12
9.738780	W	67	214	0.23
13.591505	W	60	98	0.13
13.721287	W	15	153	0.18
9.062199	W	205	173	0.10
11.513180	W	81	200	0.17
8.842874	W	206	80	0.25
10.909848	W	133	53	0.26
12.723426	W	131	164	0.15
11.688552	W	104	30	0.13
10.504024	W	87	103	0.19
13.323765	W	163	66	0.13
12.098395	W	160	7	0.17
10.391007	W	125	77	0.18
10.433420	W	133	46	0.17
11.949994	W	178	21	0.24
10.247776	W	161	178	0.14
10.124258	W	23	115	0.28
8.461091	W	53	155	0.19
11.535895	W	214	59	0.14
10.561057	W	121	122	0.28
10.615894	W	103	57	0.16
12.524245	P	30	139	0.10
9.649168	W	70	24	0.15
11.417060	W	16	57	0.12
13.925994	W	156	94	0.19
10.792794	W	62	179	0.21
7.528764	W	180	57	0.23
9.919747	W	130	55	0.24
7.926503	W	136	192	0.21
9.285650	W	16	157	0.22
12.311501	W	179	211	0.21
12.685472	W	95	73	0.10
13.314528	W	123	137	0.21
10.484039	W	182	77	0.12
12.522267	W	200	117	0.24
11.034483	W	164	70	0.25
11.971998	W	62	64	0.13
12.008477	W	49	134	0.25
10.840106	W	144	160	0.24
11.693557	P	187	211	0.24
11.945974	W	50	39	0.28
10.147563	P	57	113	0.18
13.042559	W	197	98	0.13
11.999026	P	19	55	0.15
7.837518	W	38	49	0.18
8.488250	W	108	127	0.29
13.934713	W	14	165	0.10
8.791408	W	157	189	0.22
11.242339	W	82	86	0.21
12.208551	W	48	18	0.14
10.011269	W	52	212	0.13
12.332909	W	121	163	0.26
12.924140	P	62	78	0.22
14.428617	W	58	172	0.14
13.860928	W	20	59	0.18
10.438074	W	112	54	0.20
7.781438	W	183	197	0.23
12.004061	W	92	124	0.14
9.903862	W	152	168	0.29
8.564153	W	187	53	0.16
11.735912	W	102	27	0.29
11.681455	W	11	17	0.29
9.581776	W	90	210	0.28
10.259768	W	191	20	0.19
14.932231	W	26	93	0.16
10.872220	W	75	160	0.20
7.380206	W	195	11	0.18
6.344148	W	114	20	0.21
10.740069	W	193	73	0.24
11.116286	W	111	96	0.26
15.261960	W	30	97	0.20
15.719333	W	57	174	0.22
13.749138	W	48	207	0.13
11.560003	W	159	191	0.14
11.221663	W	34	111	0.20
13.231753	W	34	68	0.15
11.522153	W	124	178	0.10
10.212041	W	204	124	0.21
15.880276	W	157	165	0.10
13.100015	W	12	64	0.11
12.027847	W	86	100	0.29
11.329132	W	92	59	0.29
7.989477	W	126	173	0.29
9.861225	W	96	215	0.25
9.605736	W	162	130	0.26
10.426682	W	192	165	0.26
11.248883	W	162	185	0.10
9.356231	W	23	11	0.21
13.320839	W	29	196	0.22
11.870961	W	24	138	0.24
10.790515	W	58	88	0.21
9.857310	W	202	51	0.30
11.063391	W	176	95	0.15
11.506891	W	11	164	0.27
10.922717	W	162	117	0.28
10.674985	W	14	95	0.12
10.075504	W	195	11	0.29
10.645229	W	100	63	0.15
12.012658	W	179	67	0.27
12.217342	P	18	214	0.21
9.876773	W	207	167	0.24
13.416055	W	202	112	0.28
8.482546	P	100	16	0.15
13.251934	W	132	144	0.15
7.059394	W	172	84	0.19
8.654401	W	214	28	0.14
13.697167	W	4	202	0.26
7.376604	W	50	72	0.15
11.687448	W	205	93	0.20
9.935733	W	188	83	0.10
7.770421	W	132	160	0.16
12.959261	P	109	125	0.23
12.559907	W	60	24	0.30
8.159689	P	103	171	0.16
11.818038	W	81	193	0.25
10.560131	W	175	92	0.19
4.751456	W	7	151	0.20
11.599928	W	186	128	0.16
12.791375	W	43	213	0.27
14.737915	P	188	4	0.16
14.614649	W	42	18	0.20
8.584040	W	1	70	0.13
11.541765	W	103	142	0.30
10.373073	W	143	77	0.12
7.635094	W	155	144	0.23
12.233257	W	57	86	0.14
11.845180	W	182	133	0.29
12.375908	W	32	11	0.24
9.242336	W	127	77	0.16
12.821223	W	201	43	0.10
12.509600	W	78	23	0.19
13.675191	W	122	196	0.13
8.781400	W	175	202	0.23
9.615374	W	114	152	0.14
12.738356	W	69	166	0.27
9.661554	W	112	21	0.12
12.143218	W	74	92	0.19
9.050934	W	110	162	0.13
7.530313	W	173	18	0.21
12.892744	W	108	197	0.20
8.976634	W	49	117	0.12
15.882352	W	62	102	0.23
12.689909	W	148	182	0.30
12.263834	W	158	214	0.12
11.050221	W	66	92	0.25
9.704059	W	26	187	0.20
8.653184	W	87	39	0.29
13.707877	W	199	151	0.11
10.147908	W	47	99	0.23
11.471316	W	96	5	0.14
10.783791	W	144	16	0.10
11.233666	W	127	122	0.26
9.266648	W	89	58	0.25
12.162142	W	47	156	0.10
13.670501	W	85	146	0.12
12.262007	W	34	177	0.12
9.792875	W	32	78	0.20
10.311923	P	174	175	0.10
13.110292	W	159	81	0.26
12.266784	W	97	152	0.30
13.340212	W	111	135	0.19
12.117940	W	21	82	0.15
13.865288	W	154	41	0.11
9.977869	W	40	177	0.26
13.512496	W	185	52	0.28
8.521087	W	196	68	0.30
12.563200	W	16	157	0.28
11.820415	W	85	93	0.10
14.560587	W	192	18	0.10
16.419867	W	213	23	0.30
10.147838	W	154	58	0.21
8.355184	W	119	103	0.22
12.436523	W	85	72	0.22
13.786958	W	23	80	0.10
14.048075	W	196	146	0.30
8.643341	W	150	128	0.28
8.041625	W	196	33	0.17
13.278597	W	75	167	0.12
12.084353	W	37	111	0.21
12.325427	W	140	26	0.24
10.410612	W	137	182	0.27
13.797320	W	187	115	0.18
8.592102	W	163	146	0.11
7.775476	W	212	80	0.27
10.881104	W	205	133	0.20
12.059417	W	157	121	0.17
12.283805	P	43	105	0.12
9.897303	W	28	136	0.16
10.654262	W	190	48	0.16
6.792496	W	2	62	0.11
12.828204	W	186	64	0.10
9.249333	W	83	183	0.22
14.768648	W	106	176	0.15
12.727379	W	44	15	0.18
10.727173	W	19	118	0.28
11.247033	W	113	213	0.18
9.274691	W	119	87	0.12
10.703472	W	55	155	0.19
12.574648	W	116	72	0.24
11.753842	W	206	203	0.11
10.744052	W	72	194	0.13
13.886087	W	108	7	0.26
11.779228	W	151	79	0.15
6.962843	W	100	70	0.21
11.176974	W	148	144	0.16
11.586560	W	79	74	0.27
7.705380	W	26	202	0.19
8.223960	W	7	16	0.28
10.196666	W	161	109	0.13
8.340980	W	84	127	0.11
13.773980	W	207	64	0.17
12.124723	W	127	99	0.18
12.071698	W	19	203	0.10
9.348773	W	114	113	0.19
10.780040	W	68	27	0.21
8.940111	W	119	103	0.28
15.321569	W	197	174	0.27
10.815589	W	76	67	0.13
12.187900	W	109	170	0.19
13.302924	P	147	56	0.26
6.418628	W	43	134	0.30
9.327281	W	105	66	0.24
12.715830	W	58	20	0.18
12.136599	W	64	135	0.25
10.136044	W	111	39	0.20
10.820045	W	138	42	0.20
9.614679	P	162	144	0.18
11.874760	W	33	195	0.10
8.443520	W	140	26	0.25
12.886973	W	96	46	0.25
11.101380	W	47	76	0.18
11.400613	W	92	193	0.18
10.214228	W	85	50	0.20
10.029463	W	132	124	0.30
11.931219	W	73	160	0.20
8.518897	W	36	175	0.19
13.022324	W	57	2	0.11
10.501869	W	68	154	0.18
11.691739	W	14	161	0.24
9.937622	W	6	201	0.14
12.420538	W	192	148	0.10
11.345861	W	27	47	0.13
11.644148	W	33	120	0.30
13.913035	W	58	116	0.27
10.042464	P	36	78	0.27
8.418120	W	91	127	0.23
7.541800	W	57	50	0.23
11.887721	W	96	189	0.24
8.570909	W	18	105	0.29
10.921421	W	174	181	0.30
9.990267	W	3	82	0.21
7.859359	W	78	58	0.21
8.481466	W	1	212	0.16
12.705291	W	135	159	0.30
12.684975	W	98	48	0.10
12.396762	W	209	64	0.30
10.808269	W	10	151	0.17
9.605627	W	142	199	0.13
10.390170	W	3	78	0.14
8.244154	W	95	187	0.17
8.544695	W	139	55	0.10
11.043093	W	118	111	0.16
14.537564	P	200	139	0.12
16.234040	W	160	180	0.19
12.651279	W	19	113	0.14
8.873403	W	116	11	0.30
12.582130	W	162	119	0.30
13.191378	W	26	126	0.17
14.481753	W	166	212	0.22
9.510849	P	129	39	0.15
8.605907	W	10	198	0.12
11.713534	W	169	203	0.21
9.751589	W	11	168	0.27
13.016492	W	208	18	0.30
12.121019	W	143	12	0.29
11.618543	W	116	58	0.17
14.300191	W	42	97	0.23
12.132383	W	134	204	0.13
10.932369	W	32	121	0.22
12.223719	W	195	176	0.15
12.958987	W	94	69	0.13
10.718983	W	136	57	0.20
11.482686	W	44	192	0.20
13.587192	W	156	9	0.12
11.373720	W	97	138	0.15
9.202766	W	130	212	0.10
10.932812	W	10	199	0.10
13.358699	W	9	126	0.22
11.617333	W	206	4	0.20
11.927106	W	116	199	0.26
10.654305	W	197	82	0.15
12.283504	W	9	202	0.18
13.358800	W	153	92	0.14
12.873415	W	214	171	0.20
8.366209	W	51	14	0.28
13.480874	W	136	122	0.29
10.151470	W	58	23	0.11
10.177656	W	38	39	0.25
11.497514	W	105	139	0.15
6.694029	W	138	106	0.18
10.306637	W	40	78	0.13
12.327380	W	50	68	0.22
11.176441	W	53	164	0.28
6.719333	W	205	4	0.22
12.697021	W	46	26	0.28
8.174997	W	183	96	0.21
10.599647	W	86	13	0.14
7.908793	W	125	94	0.21
12.473588	W	163	77	0.16
11.226414	W	61	136	0.16
9.146263	W	185	46	0.23
13.652081	W	2	153	0.16
10.219617	W	98	26	0.17
9.813125	W	68	41	0.13
10.448410	W	67	26	0.19
12.764716	W	70	180	0.14
9.887154	W	144	62	0.28
11.378459	W	118	164	0.30
11.989216	W	182	150	0.30
10.693004	W	40	72	0.22
10.011057	W	199	3	0.20
12.526320	W	111	214	0.20
11.868107	W	43	48	0.27
7.943434	W	43	117	0.23
10.087043	W	104	59	0.13
9.198076	W	59	194	0.30
12.525998	W	27	10	0.12
7.562481	P	88	163	0.12
11.260641	W	50	126	0.13
11.912797	W	33	212	0.12
11.513523	W	32	108	0.29
13.329519	W	56	165	0.15
9.868709	W	158	14	0.28
12.581088	W	112	28	0.18
11.542595	W	52	27	0.27
9.907860	W	104	147	0.23
10.662323	W	53	33	0.17
11.275062	W	14	98	0.23
10.328081	W	9	11	0.10
8.194309	W	64	198	0.10
8.425755	W	14	113	0.18
13.234714	W	4	22	0.21
11.001136	P	183	151	0.16
11.363657	W	63	174	0.16
11.715347	W	47	110	0.18
8.637105	W	207	173	0.10
13.803816	W	187	90	0.26
14.088252	W	72	113	0.22
8.105819	W	109	136	0.13
8.907518	W	159	90	0.16
11.329070	W	168	45	0.26
13.462128	W	181	167	0.15
8.981043	W	120	131	0.25
14.834194	W	213	180	0.26
11.372602	W	131	51	0.19
12.242088	W	79	113	0.30
8.231808	W	160	174	0.16
10.099257	W	82	175	0.21
10.153879	W	13	136	0.16
7.711480	W	182	43	0.18
10.991719	W	191	30	0.23
10.540565	W	207	66	0.11
13.337518	W	92	101	0.26
14.352455	W	105	108	0.14
10.603066	W	109	90	0.19
12.246866	W	146	122	0.22
15.456572	W	83	7	0.23
12.783909	W	78	96	0.13
12.531962	W	28	89	0.14
12.861326	P	139	188	0.19
12.983819	W	213	162	0.19
11.946991	W	199	130	0.26
12.017082	W	14	130	0.25
11.931845	W	65	37	0.11
10.068776	W	123	149	0.23
10.231103	W	176	184	0.18
12.023154	W	125	23	0.13
15.064274	W	1	54	0.17
9.705793	W	144	66	0.22
12.512082	W	40	14	0.15
6.771794	W	91	27	0.19
10.035060	W	137	120	0.25
14.398601	W	105	121	0.25
12.790437	W	48	150	0.20
9.538739	P	87	33	0.24
7.696061	W	137	189	0.14
10.960495	W	86	174	0.25
11.266296	W	180	77	0.17
11.865295	W	100	172	0.30
11.929266	W	141	14	0.20
12.839243	W	1	160	0.27
12.846016	W	73	155	0.26
12.411335	W	10	72	0.21
10.500985	W	31	76	0.12
10.189938	W	54	142	0.21
8.939993	W	206	211	0.27
11.412485	W	139	83	0.26
12.252587	W	82	90	0.30
11.772509	W	29	197	0.24
9.807388	W	133	119	0.24
8.522922	W	29	3	0.23
7.523494	W	28	165	0.28
8.285975	W	69	179	0.22
14.161395	W	156	39	0.16
7.504402	W	97	68	0.15
9.930331	W	156	15	0.18
13.267203	W	176	73	0.26
7.699599	W	152	112	0.30
8.620397	W	166	39	0.30
10.857587	W	19	123	0.15
12.748086	W	28	175	0.28
10.326876	W	42	148	0.13
11.841490	W	51	15	0.25
10.896296	W	15	207	0.17
10.655224	W	120	100	0.27
11.970943	W	179	21	0.17
8.820042	W	157	124	0.29
12.537647	P	30	10	0.25
15.276083	W	182	6	0.17
6.995722	W	174	118	0.14
12.543873	W	36	112	0.12
10.682060	W	169	46	0.23
9.227284	W	59	157	0.13
11.989671	W	171	145	0.16
9.195352	W	58	187	0.16
10.845568	W	96	117	0.23
9.527481	W	5	39	0.11
7.501312	W	140	159	0.24
8.579441	W	119	162	0.17
11.644092	P	41	44	0.23
13.793305	W	158	3	0.22
14.442372	W	205	135	0.24
11.051487	W	84	29	0.10
9.353359	W	180	22	0.29
11.769599	W	162	194	0.21
16.052330	P	213	48	0.18
16.054088	P	43	161	0.27
18.993946	P	128	154	0.20
20.957805	P	162	23	0.20
16.979550	P	56	173	0.27
15.560291	P	179	129	0.14
15.227290	P	84	189	0.13
16.878935	P	192	30	0.17
18.550716	P	61	162	0.12
16.963738	W	174	5	0.16
19.775452	P	11	29	0.15
20.661930	P	146	101	0.15
17.720938	P	29	81	0.23
16.238604	P	4	184	0.22
17.206944	P	149	152	0.22
16.451600	P	52	175	0.17
18.769690	P	1	134	0.16
19.307166	P	172	74	0.13
21.962235	P	46	72	0.30
17.946855	P	3	85	0.20
19.497389	W	109	161	0.30
17.529106	P	20	190	0.16
17.929024	P	125	47	0.22
18.258586	P	75	35	0.25
19.715128	P	1	137	0.25
14.416725	P	106	142	0.23
19.571475	P	39	209	0.25
14.904518	P	103	186	0.20
19.470493	P	212	99	0.30
15.447607	P	40	132	0.25
19.242904	P	189	6	0.15
18.367120	P	163	189	0.18
14.623705	P	129	60	0.13
15.948671	W	117	106	0.10
19.490270	P	32	155	0.29
15.716024	P	187	67	0.12
17.840907	P	120	111	0.21
19.778399	P	55	25	0.18
19.216272	P	25	171	0.16
19.334523	P	157	53	0.15
19.138613	P	36	56	0.20
15.651024	P	95	76	0.24
16.754276	P	65	113	0.16
16.310771	P	194	93	0.24
15.295789	P	191	112	0.21
16.081769	P	116	190	0.15
16.861641	P	171	41	0.24
18.772965	W	177	156	0.17
16.655755	P	10	201	0.18
19.399831	P	50	119	0.24
17.317728	P	85	60	0.25
17.394580	P	44	150	0.11
12.866568	P	6	3	0.25
15.235566	P	82	133	0.10
19.162028	W	159	40	0.21
19.142130	P	77	114	0.29
15.810823	P	100	90	0.15
20.358903	P	66	5	0.10
19.201089	P	201	148	0.13
18.896237	P	130	120	0.14
19.478994	P	95	83	0.28
20.723373	P	101	5	0.22
15.402495	P	136	74	0.19
19.779686	P	4	96	0.20
17.930786	P	154	63	0.19
17.378224	P	82	90	0.10
17.945968	P	193	151	0.24
16.053091	P	68	156	0.14
19.692356	P	213	77	0.23
15.958634	P	175	82	0.14
20.399536	P	156	172	0.26
18.479779	P	119	30	0.23
20.494716	P	37	184	0.20
20.989917	P	124	63	0.18
17.730171	P	113	152	0.14
19.756592	P	95	187	0.12
17.526523	P	40	46	0.27
18.016271	P	194	49	0.15
16.801521	P	149	76	0.22
16.556829	P	9	32	0.14
18.725387	P	95	119	0.26
16.423581	P	45	202	0.29
19.109752	W	13	64	0.15
20.774301	P	145	199	0.14
18.469128	P	39	116	0.18
19.594430	P	64	57	0.16
18.792332	P	181	187	0.27
19.054567	P	8	118	0.14
17.437303	W	171	164	0.23
17.221671	P	150	39	0.13
18.993299	P	166	194	0.17
16.018106	P	10	95	0.19
19.816637	P	196	201	0.25
17.369362	P	88	127	0.30
20.676463	P	124	99	0.28
18.511297	P	50	137	0.12
15.070188	P	196	194	0.28
18.466153	P	81	47	0.14
21.436623	P	84	2	0.24
16.594696	W	163	201	0.13
20.151630	P	112	203	0.16
17.708900	P	75	26	0.20
17.063178	P	17	57	0.17
16.952426	P	58	172	0.11
16.317551	P	141	178	0.19
18.234341	P	140	159	0.30
18.631904	P	34	110	0.16
17.698942	P	42	3	0.17
15.552744	P	109	144	0.30
17.871438	P	67	142	0.25
19.963519	P	40	139	0.20
20.018897	P	160	52	0.17
17.079949	P	113	203	0.12
19.692655	W	140	187	0.22
15.088179	P	13	70	0.30
19.595543	P	211	7	0.10
17.684396	P	90	49	0.29
18.724163	P	47	197	0.21
20.136926	P	84	201	0.22
20.379039	P	125	9	0.20
19.496349	P	182	2	0.27
19.589311	P	43	31	0.26
14.709524	P	91	208	0.14
19.532426	P	6	162	0.14
15.638392	P	182	41	0.25
16.591192	P	166	104	0.27
18.601545	P	75	149	0.26
13.547856	P	170	179	0.26
19.881947	P	126	29	0.30
15.602710	P	24	178	0.30
17.692542	P	90	75	0.10
17.081490	P	114	165	0.10
20.618043	P	147	37	0.23
16.491216	P	22	41	0.23
17.660826	P	107	137	0.28
15.100576	P	133	206	0.16
17.193991	P	163	191	0.20
16.341868	P	202	164	0.24
16.877883	P	182	152	0.21
16.795293	P	171	131	0.18
14.861196	P	103	77	0.24
16.298756	P	108	180	0.18
16.639059	P	167	55	0.21
13.346045	P	27	193	0.25
19.615549	P	211	59	0.24
19.218193	P	129	168	0.20
17.016706	P	119	50	0.18
16.114895	P	21	136	0.24
17.437825	P	17	148	0.13
17.984173	P	156	171	0.14
19.828560	P	34	36	0.29
18.667992	P	30	202	0.27
16.678205	P	32	215	0.18
18.053225	P	160	42	0.24
15.845299	P	157	61	0.15
15.244310	P	187	15	0.24
18.541133	W	10	58	0.28
17.360505	P	142	43	0.20
21.117391	P	194	139	0.23
18.240454	P	82	140	0.28
12.420528	P	155	51	0.22
16.132529	P	105	186	0.13
18.718061	P	137	126	0.14
17.068142	P	34	19	0.26
17.237437	P	169	33	0.10
15.093642	P	199	65	0.19
16.754859	P	166	72	0.21
15.515605	P	159	68	0.20
16.948325	P	6	78	0.23
16.458554	P	95	38	0.30
16.693838	P	202	196	0.14
21.195686	P	166	201	0.24
17.404881	P	1	2	0.19
15.786816	P	209	99	0.25
19.385755	P	8	46	0.21
19.332385	P	8	59	0.18
17.810926	P	182	92	0.11
19.956896	P	176	46	0.21
16.321413	P	110	105	0.15
19.033975	P	8	197	0.18
20.658320	P	171	139	0.26
16.360464	P	201	25	0.13
18.025657	P	145	165	0.13
16.063094	P	160	6	0.20
14.791316	P	146	117	0.18
19.209069	P	209	164	0.18
11.928810	P	79	72	0.30
16.491848	P	138	203	0.25
19.663189	P	193	8	0.17
14.594793	P	213	50	0.19
16.367971	P	61	211	0.18
15.667812	P	49	172	0.14
16.462032	P	149	42	0.17
16.206475	P	119	46	0.11
19.658135	P	85	132	0.24
21.219762	P	137	53	0.18
16.812433	P	8	73	0.15
17.219764	P	157	83	0.26
16.109421	P	46	84	0.26
17.874073	P	143	16	0.30
20.293910	P	62	149	0.13
14.279722	P	105	194	0.21
15.697808	P	104	165	0.26
14.952777	P	211	2	0.23
19.138080	P	71	148	0.22
17.096867	P	86	187	0.26
17.287414	P	139	201	0.22
16.512791	P	211	72	0.10
19.721825	P	104	151	0.12
16.661866	W	156	24	0.28
17.243637	W	154	202	0.16
17.239898	P	196	17	0.21
16.263866	P	132	83	0.20
19.412156	W	113	196	0.23
13.962657	P	54	103	0.19
19.121134	P	127	110	0.24
15.626644	P	130	116	0.17
15.892001	P	51	170	0.13
14.353460	P	117	26	0.25
18.628241	P	11	146	0.17
16.631380	P	171	156	0.23
17.238692	P	50	147	0.24
19.191851	P	85	108	0.10
17.927943	P	54	39	0.16
18.688245	P	4	151	0.10
15.259822	P	130	199	0.23
16.290839	P	180	112	0.13
13.915624	P	153	164	0.20
20.765188	P	145	47	0.22
19.979485	P	154	117	0.19
14.975506	P	206	165	0.27
18.248498	P	127	66	0.14
18.555360	P	112	35	0.30
17.015953	P	114	136	0.16
16.653970	P	138	63	0.21
16.563584	P	45	130	0.16
16.704132	P	213	111	0.21
16.930958	P	121	26	0.30
18.145744	P	104	168	0.20
18.462570	P	52	24	0.14
14.235608	P	94	146	0.18
16.909539	P	151	145	0.25
22.505576	P	114	30	0.27
17.340876	P	138	87	0.17
19.167792	P	14	203	0.25
15.931235	P	149	208	0.24
17.183269	P	154	143	0.13
18.793229	P	121	141	0.15
18.005974	P	70	34	0.25
19.905632	P	68	193	0.16
18.255978	P	160	201	0.20
17.767277	W	164	128	0.24
21.525386	P	190	32	0.20
18.447865	P	26	116	0.14
17.712832	P	40	99	0.27
15.727639	P	164	40	0.17
19.100309	P	31	23	0.11
18.465785	P	67	140	0.30
15.455041	P	135	86	0.22
15.687077	P	17	43	0.14
18.710456	P	125	62	0.13
17.745203	P	76	165	0.22
11.570429	P	18	150	0.11
20.774449	P	68	90	0.12
19.726992	P	203	60	0.20
16.394825	P	88	89	0.21
16.697188	P	84	121	0.21
19.049664	P	168	177	0.12
15.085618	P	73	209	0.15
19.467464	P	142	202	0.27
18.352251	P	45	208	0.27
20.141563	P	127	205	0.19
18.486852	P	127	204	0.22
17.971478	P	26	52	0.15
20.726202	P	17	158	0.27
16.962259	P	41	105	0.27
19.175127	P	74	35	0.20
18.944865	P	209	38	0.29
17.162828	P	133	103	0.25
19.056688	P	187	26	0.25
15.868511	W	114	80	0.20
20.483807	W	125	63	0.16
15.268679	P	215	28	0.28
16.541399	P	200	76	0.18
14.678492	P	88	181	0.24
18.560659	P	4	20	0.19
19.002530	P	24	200	0.26
18.912182	P	184	88	0.29
16.374116	P	191	102	0.21
18.944701	P	8	70	0.20
16.244901	P	149	43	0.28
19.193456	P	7	208	0.25
18.233762	P	203	46	0.18
19.518921	P	136	192	0.30
17.635969	P	39	161	0.30
19.954239	W	215	27	0.22
17.485157	P	107	134	0.25
17.785048	P	140	154	0.11
15.413033	P	203	85	0.23
20.658459	P	212	114	0.20
15.284427	P	154	69	0.25
17.346903	P	157	54	0.30
21.307029	P	159	143	0.24
12.343385	P	110	60	0.20
14.910494	P	174	92	0.21
19.163072	P	89	93	0.16
20.195669	P	102	46	0.19
18.189841	P	135	97	0.23
17.148404	P	179	20	0.23
20.370772	W	210	121	0.21
15.614120	P	28	22	0.26
15.698096	P	120	72	0.13
19.411584	P	155	195	0.12
18.802450	P	169	157	0.26
17.008056	P	32	111	0.21
15.487007	P	203	81	0.12
15.578979	P	15	29	0.23
18.334762	P	9	161	0.23
16.059382	P	91	85	0.14
18.936030	P	117	30	0.11
14.302518	P	13	126	0.21
19.168844	P	134	13	0.26
13.591538	P	115	141	0.21
17.375197	P	195	156	0.10
15.056764	P	158	43	0.21
20.574962	P	37	145	0.18
16.641061	P	155	138	0.16
15.681996	P	119	16	0.21
18.000701	P	3	76	0.10
20.466261	P	87	131	0.13
20.454414	P	156	15	0.30
20.782169	P	178	182	0.28
20.592690	P	176	53	0.29
17.405036	P	131	145	0.19
21.097694	P	175	191	0.21
15.651722	P	183	171	0.22
18.560790	P	129	56	0.21
17.813663	P	88	212	0.20
16.587784	P	140	104	0.21
18.956824	P	96	80	0.15
17.346031	P	210	25	0.15
15.481898	P	34	169	0.24
17.711212	P	24	28	0.27
16.629050	P	10	56	0.16
17.172918	P	202	90	0.16
15.217999	P	161	41	0.12
17.686670	P	85	3	0.15
16.724248	P	135	166	0.26
17.992068	P	74	135	0.18
17.463822	P	56	84	0.25
22.407864	W	68	169	0.27
21.461163	W	130	124	0.30
22.528331	W	81	201	0.26
18.509467	W	70	109	0.23
18.806596	W	79	188	0.23
21.125031	W	64	28	0.22
16.610364	W	171	80	0.11
19.488220	W	122	81	0.12
20.027875	W	91	170	0.26
15.133799	W	62	158	0.17
18.200906	W	120	109	0.20
17.661400	W	73	161	0.19
19.257338	W	100	101	0.17
14.861106	W	157	130	0.16
18.406997	W	118	149	0.23
18.427290	W	139	14	0.26
20.895320	W	12	191	0.18
20.425176	W	114	158	0.22
19.335171	W	43	172	0.22
22.974064	W	203	158	0.20
20.990374	P	76	214	0.26
20.935721	W	159	87	0.12
18.139502	W	186	173	0.23
13.533093	W	48	90	0.28
17.824073	W	186	19	0.22
18.425477	W	102	10	0.20
18.322166	W	88	27	0.27
19.608916	W	202	121	0.17
18.578802	W	160	185	0.19
19.929145	W	79	75	0.20
18.775408	W	23	118	0.25
18.421044	W	206	118	0.20
18.399938	W	43	168	0.30
17.142466	W	188	60	0.21
16.107695	W	126	151	0.13
17.427033	W	175	20	0.17
23.716323	W	108	26	0.14
16.314617	W	172	91	0.15
22.319552	W	183	63	0.29
15.513012	W	40	168	0.11
16.071279	W	17	153	0.13
24.789187	P	34	92	0.28
19.916214	W	5	90	0.22
19.849847	W	78	85	0.24
16.623034	W	62	141	0.22
15.249405	W	98	91	0.15
15.875734	W	45	195	0.30
13.795878	W	61	128	0.22
20.774751	W	57	96	0.14
22.081889	W	29	96	0.10
18.567184	W	95	150	0.17
21.760930	W	182	92	0.17
17.550627	W	126	103	0.29
21.701308	W	174	108	0.14
22.101510	W	172	142	0.28
19.386769	W	20	108	0.28
20.997033	W	136	112	0.28
19.110958	W	162	214	0.11
17.890864	W	105	75	0.29
16.392423	W	59	8	0.12
19.840939	W	79	89	0.20
18.024525	W	96	99	0.23
23.960828	W	166	75	0.22
19.914405	W	32	14	0.13
15.192731	W	80	85	0.12
15.556887	W	64	21	0.23
13.719423	W	100	188	0.29
19.281293	W	106	196	0.24
17.981110	W	42	200	0.20
16.849574	W	57	163	0.23
23.275724	P	13	91	0.23
19.751205	W	31	32	0.24
17.621113	W	207	76	0.20
18.463874	W	148	15	0.26
20.092233	W	175	161	0.23
20.658564	W	13	39	0.15
16.387806	W	2	70	0.11
18.151568	W	6	123	0.14
16.591112	W	139	101	0.20
14.762658	W	73	183	0.17
18.124592	P	211	93	0.23
19.644230	W	145	162	0.13
20.891037	W	129	195	0.28
15.046060	W	72	5	0.26
13.814020	W	155	44	0.18
21.574609	W	23	19	0.27
16.255376	W	144	41	0.20
20.077686	P	82	48	0.21
16.868923	W	175	35	0.14
17.621429	W	147	127	0.27
15.343379	W	7	122	0.29
14.635029	W	168	85	0.11
16.505080	W	105	86	0.30
17.811109	W	146	185	0.12
17.380941	W	148	53	0.14
20.172720	W	71	35	0.24
17.145124	W	206	146	0.22
17.873468	W	202	198	0.28
19.605473	W	182	145	0.19
17.577818	W	202	83	0.27
17.887879	W	201	159	0.14
19.799990	W	122	74	0.10
20.540032	W	133	131	0.10
17.087106	W	191	78	0.30
19.199268	W	98	155	0.19
18.880857	W	106	46	0.18
18.506145	W	30	22	0.19
19.344532	W	29	178	0.15
21.600594	W	67	84	0.18
20.480293	W	188	31	0.28
16.052387	W	177	81	0.26
17.798610	W	168	157	0.24
22.174013	W	150	202	0.13
22.076922	W	134	100	0.28
16.702938	W	86	109	0.18
19.395795	W	43	176	0.30
19.394052	W	76	201	0.20
15.329061	W	184	9	0.15
18.136564	W	57	197	0.28
18.547156	W	195	9	0.10
14.770765	W	4	127	0.17
21.131299	W	72	177	0.10
17.146049	W	156	102	0.22
16.268550	W	136	116	0.20
16.829471	W	148	63	0.25
16.087548	W	146	170	0.19
15.728730	W	126	45	0.21
20.395156	W	40	201	0.20
20.716011	W	23	22	0.16
16.077840	W	208	163	0.24
20.092752	W	38	137	0.17
16.288225	W	115	170	0.15
18.060370	W	164	189	0.23
17.360673	W	50	36	0.17
16.681442	W	156	106	0.30
20.836053	W	42	125	0.27
20.546535	W	187	109	0.15
18.654313	W	162	44	0.26
19.331765	W	208	138	0.13
22.128863	W	14	145	0.24
21.926896	W	8	184	0.11
16.324140	W	85	21	0.14
17.902384	W	115	181	0.20
17.851866	W	66	15	0.24
18.168583	W	173	155	0.20
15.636696	W	171	215	0.24
20.534906	P	22	109	0.17
18.366825	W	81	36	0.22
17.245759	W	138	203	0.21
19.198651	W	103	110	0.11
19.246351	W	146	158	0.26
18.944772	W	190	215	0.28
20.357140	W	105	84	0.12
15.037603	W	192	97	0.19
18.880602	W	77	165	0.10
19.359302	W	4	6	0.28
18.360881	W	147	172	0.19
19.374527	W	197	42	0.26
19.196606	W	52	88	0.20
16.679620	W	38	66	0.21
18.160133	W	200	59	0.20
17.352171	W	56	159	0.24
15.844274	P	108	172	0.19
18.456325	W	172	153	0.23
22.783991	W	47	159	0.30
19.458053	W	177	5	0.15
18.394867	W	48	127	0.22
22.351118	W	206	80	0.17
20.816453	W	171	32	0.13
19.115474	W	134	101	0.13
21.245551	W	114	48	0.10
17.802839	W	8	184	0.17
17.345498	W	35	204	0.28
16.288729	W	93	117	0.17
19.607326	W	124	196	0.20
18.707324	W	54	177	0.16
19.172090	W	186	106	0.30
22.632312	W	69	121	0.11
16.211821	W	169	174	0.17
19.553324	W	120	136	0.20
18.186960	W	117	150	0.11
19.968436	W	179	9	0.13
21.481108	W	121	119	0.14
19.779085	W	51	134	0.13
13.028406	W	206	90	0.11
15.237145	W	187	123	0.16
16.937432	W	50	114	0.10
21.006848	W	132	32	0.26
22.564749	W	88	145	0.11
15.715459	W	194	26	0.11
19.709877	W	93	107	0.28
17.867521	W	153	71	0.25
18.688302	W	96	190	0.23
18.685292	W	32	73	0.21
22.025340	W	108	115	0.13
17.226141	W	159	109	0.24
15.246996	W	102	155	0.18
18.814017	W	174	7	0.16
18.813900	W	188	19	0.11
17.456375	W	147	202	0.15
16.916842	W	146	211	0.13
24.905239	W	128	10	0.23
16.866081	W	123	49	0.13
17.224916	W	82	59	0.22
19.782048	P	204	162	0.28
17.386954	W	187	58	0.12
21.431263	W	105	86	0.21
18.747784	W	143	66	0.29
18.071759	W	76	181	0.26
14.765067	W	205	57	0.22
16.262162	W	128	23	0.11
19.594498	W	83	97	0.16
17.713722	W	162	97	0.13
22.391198	W	118	40	0.16
20.739822	W	26	203	0.27
17.861232	W	212	14	0.30
25.523127	P	97	191	0.26
21.466059	W	70	174	0.16
18.758953	W	118	202	0.23
20.392513	W	113	76	0.19
21.889685	W	76	56	0.25
17.978661	W	34	168	0.19
21.599481	W	150	139	0.10
14.532890	W	188	3	0.19
19.827054	W	192	10	0.19
17.359355	W	77	101	0.24
19.579924	W	25	122	0.24
17.095747	W	201	97	0.16
20.274977	W	11	106	0.11
18.308831	W	141	171	0.23
18.210757	W	58	211	0.27
19.022727	W	1	34	0.30
16.823277	W	9	72	0.17
16.809657	W	77	47	0.23
22.341479	W	52	10	0.23
19.407453	W	9	138	0.24
22.591790	W	181	188	0.18
21.989611	W	64	122	0.21
12.460535	W	196	131	0.10
19.278770	W	74	139	0.19
19.080239	P	118	195	0.29
20.677742	W	176	79	0.15
22.662967	W	174	10	0.30
15.126091	W	25	163	0.28
19.172599	W	48	180	0.10
16.940005	W	206	113	0.19
20.668354	W	53	3	0.23
19.895280	W	179	192	0.18
17.865806	W	5	189	0.15
15.756183	P	212	62	0.10
19.343108	W	115	33	0.25
19.891853	W	184	3	0.26
17.558337	W	87	169	0.16
18.572131	W	129	143	0.20
20.189852	W	119	131	0.18
16.204421	W	91	146	0.14
14.682358	W	164	196	0.14
21.771730	W	27	31	0.19
15.462939	W	50	169	0.15
13.029648	W	137	89	0.18
18.084576	W	61	123	0.18
15.104511	W	213	157	0.27
18.201261	W	85	79	0.21
18.050113	W	114	169	0.13
21.344794	W	84	45	0.15
21.895061	W	40	158	0.25
18.080563	W	140	156	0.26
19.519733	W	181	214	0.25
19.770080	W	91	107	0.24
17.021125	W	80	133	0.26
15.595552	W	185	83	0.19
16.905338	W	184	92	0.20
19.863711	W	119	31	0.27
22.742314	W	136	163	0.12
18.154566	W	19	193	0.20
22.915284	W	74	38	0.13
19.008158	W	145	183	0.24
19.982196	W	124	34	0.20
15.535799	W	107	3	0.27
19.666414	W	185	14	0.28
16.792384	W	162	40	0.14
18.022287	W	96	28	0.11
15.807942	W	21	148	0.24
15.340561	W	131	58	0.16
20.067152	W	143	135	0.26
19.485248	W	88	83	0.24
18.708158	P	52	17	0.13
18.487879	W	121	27	0.16
15.644388	W	204	172	0.20
18.339459	W	173	18	0.26
17.173519	W	203	199	0.28
20.403630	W	182	61	0.29
19.000043	W	208	16	0.27
17.222815	W	57	41	0.12
18.530483	W	203	111	0.17
17.485262	W	204	178	0.23
20.129368	W	156	148	0.19
16.914247	W	69	143	0.15
20.417550	W	22	176	0.25
22.308276	W	32	7	0.11
17.137789	W	205	128	0.16
15.587893	W	142	139	0.23
18.742622	W	65	78	0.25
19.151561	W	94	13	0.15
18.868486	W	69	16	0.10
18.051549	W	93	78	0.14
14.739821	W	162	193	0.25
17.521477	W	127	128	0.23
16.941067	W	46	162	0.22
18.215417	W	102	60	0.24
21.312884	W	50	192	0.11
16.451961	W	187	113	0.19
19.156721	W	158	118	0.15
22.532022	P	116	104	0.11
18.181262	P	92	120	0.15
20.351190	W	70	203	0.11
18.058330	W	159	106	0.28
17.962209	W	36	61	0.12
17.916563	W	130	85	0.28
19.358383	W	16	195	0.17
22.546201	P	132	129	0.23
18.888115	W	51	197	0.25
17.596743	W	99	6	0.23
18.705288	W	208	172	0.24
12.610031	W	202	196	0.17
16.584327	W	209	132	0.21
19.131016	W	204	82	0.12
19.029009	W	145	11	0.26
18.785662	W	114	10	0.14
18.805546	W	167	161	0.12
17.346142	W	127	113	0.20
21.312190	P	210	151	0.23
21.470551	W	5	132	0.16
16.630652	W	143	93	0.12
18.604223	W	26	188	0.21
17.467314	W	196	13	0.10
18.577669	W	167	169	0.14
22.184549	W	133	160	0.16
18.410573	W	81	188	0.16
16.349887	W	116	47	0.30
18.546800	W	91	17	0.23
18.786510	W	128	204	0.15
19.806266	W	18	75	0.17
17.604448	W	62	212	0.24
15.658165	W	150	13	0.26
17.111045	W	168	108	0.13
18.909796	W	144	63	0.25
16.389750	W	134	44	0.26
19.452163	W	107	215	0.11
16.413588	W	70	65	0.21
18.941493	W	203	28	0.10
20.862379	W	41	3	0.10
19.148003	W	31	68	0.23
15.512133	W	104	6	0.22
21.545798	W	118	56	0.20
20.813946	W	102	44	0.25
18.850265	W	138	172	0.21
16.267307	W	125	160	0.23
17.090663	W	149	166	0.30
18.045623	W	159	110	0.10
17.156181	W	118	133	0.21
15.557916	W	210	198	0.18
17.707840	W	115	112	0.29
18.839434	W	201	101	0.17
19.067542	W	198	59	0.20
17.052520	W	33	137	0.30
20.284723	W	161	174	0.20
17.044105	W	15	9	0.19
16.300270	W	73	140	0.27
19.033090	W	147	94	0.17
21.521337	W	6	88	0.24
18.920486	W	6	64	0.27
21.003017	W	138	55	0.30
21.365337	W	41	109	0.21
18.570286	W	188	26	0.16
17.246221	W	90	192	0.19
16.881525	W	74	26	0.16
17.700643	W	175	5	0.18
21.081800	W	158	83	0.13
17.014951	W	130	152	0.16
21.646092	W	66	48	0.13
16.728268	P	197	72	0.13
17.111586	W	106	24	0.26
19.588478	W	37	27	0.30
14.749939	W	191	26	0.15
16.128326	W	178	63	0.28
18.086352	W	61	49	0.13
18.369463	W	65	81	0.22
15.919667	W	52	55	0.26
17.201711	W	213	185	0.21
17.292619	W	46	112	0.29
20.829434	W	154	6	0.23
16.041620	W	172	118	0.24
18.006162	W	142	157	0.26
15.581168	W	12	173	0.26
15.548114	W	66	108	0.27
21.790109	W	71	113	0.24
19.788758	W	82	16	0.24
16.516284	W	116	212	0.23
19.678562	W	123	146	0.22
18.760788	W	127	36	0.12
18.381402	W	26	24	0.16
20.654175	W	57	103	0.17
16.422304	W	57	34	0.25
21.565068	W	99	185	0.21
16.027324	P	105	183	0.13
15.564117	W	114	39	0.10
18.697528	W	133	180	0.20
16.342720	W	179	165	0.10
18.978793	W	169	38	0.15
19.098028	W	181	126	0.29
18.007588	W	212	43	0.22
21.181420	W	14	6	0.17
19.615566	W	11	189	0.11
19.116486	W	158	149	0.30
18.601226	W	58	117	0.20
22.491349	W	179	106	0.25
19.696647	W	123	128	0.12
19.580733	W	172	62	0.27
14.601133	P	188	3	0.13
21.367395	W	166	132	0.24
21.363231	W	76	128	0.29
20.826796	W	214	93	0.21
20.472023	W	213	1	0.21
16.782762	W	10	58	0.18
18.257197	W	188	172	0.23
16.411631	W	3	202	0.25
22.310555	W	117	5	0.14
20.442633	W	108	77	0.24
19.652534	W	187	123	0.22
15.085476	W	46	189	0.30
17.778693	W	197	184	0.25
17.222820	W	190	215	0.23
19.782844	W	163	128	0.14
18.140053	W	23	213	0.20
21.155192	W	80	49	0.17
16.890170	W	58	118	0.24
17.378049	W	45	48	0.30
18.926759	W	129	191	0.26
19.564705	W	98	3	0.25
14.777227	W	35	127	0.18
18.690523	W	99	112	0.22
17.763894	W	67	89	0.30
21.565352	W	18	103	0.19
19.965895	W	3	211	0.22
17.972341	W	140	29	0.19
19.861985	W	122	206	0.10
18.806016	W	60	36	0.16
19.015786	W	49	27	0.18
21.116047	W	4	155	0.18
19.853111	W	48	114	0.30
17.889277	W	154	118	0.30
17.321694	W	27	89	0.24
18.543513	W	137	56	0.26
18.512520	W	18	67	0.16
17.072337	W	72	173	0.19
19.216070	W	172	166	0.19
22.255286	W	22	86	0.21
20.572825	W	174	68	0.15
17.897121	W	127	81	0.17
16.411877	W	150	175	0.30
21.265864	W	210	180	0.15
17.426826	W	1	155	0.19
19.157934	W	109	11	0.14
21.126811	W	211	167	0.18
16.057277	P	102	49	0.30
20.638892	W	66	43	0.11
18.390777	W	3	70	0.17
13.039253	W	124	36	0.24
20.267863	W	150	14	0.14
15.713047	W	101	5	0.22
14.116719	W	10	85	0.11
20.515817	W	12	155	0.26
18.646938	P	53	189	0.27
17.773302	W	17	151	0.17
15.553126	W	97	79	0.14
19.077903	W	110	146	0.24
17.892400	W	205	192	0.13
20.947696	W	213	23	0.18
15.098737	P	131	33	0.20
16.456735	W	64	155	0.21
17.540745	W	139	58	0.19
18.298316	W	21	25	0.14
19.326564	W	197	92	0.23
17.190523	W	198	77	0.20
19.518575	W	141	146	0.18
20.391054	W	76	11	0.29
17.616911	W	59	62	0.26
18.801461	W	92	187	0.16
14.805137	W	211	165	0.18
13.331423	W	80	129	0.27
18.803420	W	113	193	0.19
18.040965	W	89	33	0.18
20.166177	P	44	49	0.11
19.122516	W	29	122	0.16
22.140186	W	129	109	0.20
14.725840	W	147	27	0.25
18.836039	W	182	48	0.25
19.164743	W	4	56	0.26
21.623478	W	79	173	0.27
15.581333	W	135	79	0.28
17.259768	W	59	89	0.21
16.599519	W	37	150	0.10
18.922863	W	131	73	0.28
18.771818	W	125	157	0.25
18.896733	W	105	172	0.21
15.883154	W	48	23	0.30
14.409963	W	7	28	0.10
21.903875	W	76	191	0.16
11.422557	W	145	157	0.23
20.640785	P	65	3	0.10
22.731365	W	66	77	0.21
18.362718	W	95	120	0.16
20.916062	W	123	25	0.17
16.710930	W	89	34	0.13
17.661394	W	148	87	0.24
21.957395	P	17	194	0.15
18.467752	W	9	132	0.24
17.833844	W	54	173	0.16
18.553339	W	6	2	0.25
16.614613	W	46	194	0.10
21.749476	W	86	66	0.27
19.623742	W	196	108	0.18
20.836161	W	20	23	0.20
20.030811	W	136	169	0.28
18.599995	W	9	70	0.19
20.987752	W	185	164	0.30
20.259286	W	98	40	0.24
14.470390	W	22	188	0.12
14.745328	W	147	122	0.21
15.502075	W	96	46	0.21
16.404326	W	40	192	0.10
17.284455	W	155	72	0.16
17.920715	W	179	87	0.22
18.547960	W	120	105	0.21
19.864174	W	131	154	0.10
18.818616	W	126	148	0.17
20.541997	W	182	160	0.28
20.148464	W	82	24	0.22
19.331828	W	176	194	0.28
18.719845	P	66	31	0.15
18.300221	W	149	34	0.23
18.474914	W	128	181	0.14
17.374962	W	32	158	0.23
16.441101	W	154	88	0.25
17.504130	W	112	73	0.28
14.214079	W	88	97	0.17
19.109861	W	135	74	0.19
15.507907	W	88	184	0.26
17.604124	W	87	42	0.13
20.141973	W	172	33	0.26
18.720695	W	205	59	0.10
19.103265	W	116	204	0.13
19.650459	W	7	116	0.27
13.845949	W	164	201	0.10
17.271553	W	51	157	0.20
19.976293	W	192	207	0.13
21.074759	W	162	22	0.29
15.583246	W	113	177	0.13
17.696199	W	118	46	0.17
16.692401	W	191	167	0.10
21.032364	W	107	144	0.30
21.513124	W	137	168	0.27
19.103551	W	127	108	0.16
17.008139	P	73	18	0.10
19.586196	W	86	121	0.20
15.061537	W	168	179	0.26
21.649154	W	67	138	0.25
17.522821	W	147	44	0.14
18.016184	W	60	189	0.25
18.960529	P	13	201	0.21
19.206079	P	189	40	0.14
16.711288	W	95	141	0.27
19.435919	W	26	56	0.20
16.250193	W	168	26	0.20
20.747002	W	101	56	0.10
15.778618	W	14	38	0.20
19.253876	W	15	77	0.21
19.089450	W	108	72	0.22
15.392601	W	66	141	0.16
20.461470	W	24	64	0.18
18.157460	W	110	68	0.27
18.593037	W	192	175	0.18
22.053916	W	29	122	0.21
20.385283	W	153	78	0.26
16.861959	W	37	108	0.30
17.777644	W	112	5	0.16
19.654498	W	194	67	0.14
17.306278	W	155	90	0.17
16.564294	W	14	178	0.22
19.982106	W	145	62	0.15
19.411450	W	156	116	0.30
17.176774	W	21	103	0.20
17.543455	W	136	108	0.19
18.205142	W	170	76	0.17
21.212544	W	60	74	0.28
19.898266	W	23	169	0.29
15.587985	W	176	44	0.18
18.607429	W	7	21	0.13
17.640135	W	142	203	0.22
16.115438	W	131	149	0.12
21.569514	W	81	156	0.12
20.381053	W	185	146	0.30
16.432992	W	18	36	0.13
15.371428	W	200	45	0.15
19.268162	W	72	18	0.17
20.055743	P	8	163	0.16
18.269614	W	42	152	0.16
19.799581	W	93	163	0.17
17.136952	W	46	146	0.30
21.596731	W	45	110	0.27
16.721347	W	195	105	0.22
18.580397	W	121	81	0.10
15.604691	W	186	10	0.16
15.711326	W	128	194	0.19
21.186712	W	54	201	0.24
17.519887	W	140	52	0.15
23.069310	W	69	1	0.10
18.014905	W	165	72	0.18
16.867011	W	58	105	0.19
21.621144	W	32	188	0.18
15.767554	W	161	65	0.21
18.306131	W	200	124	0.20
14.422273	W	179	57	0.29
17.594456	W	57	116	0.18
18.887904	P	28	30	0.22
15.523990	W	52	190	0.27
19.518016	W	43	147	0.17
15.185361	W	215	61	0.17
17.191055	W	9	95	0.25
19.415930	W	170	177	0.18
19.337122	W	123	96	0.27
17.918648	W	156	103	0.10
17.497788	W	62	67	0.30
17.790645	W	8	117	0.29
23.903765	P	119	194	0.19
15.977415	W	118	155	0.16
18.002246	W	184	109	0.20
20.041677	W	122	55	0.16
15.689179	W	136	51	0.15
15.236491	W	58	178	0.13
19.128912	W	3	205	0.13
17.337325	W	131	79	0.30
14.392499	W	75	43	0.29
17.828202	W	196	161	0.24
18.894214	W	147	87	0.13
17.386389	W	74	93	0.24
19.500503	W	93	41	0.22
14.752888	W	133	211	0.21
19.532677	W	6	192	0.25
21.517328	W	185	127	0.18
23.026845	W	139	54	0.26
20.480358	P	36	197	0.10
22.305615	W	69	43	0.25
16.677410	W	65	150	0.12
15.418888	W	118	84	0.27
18.780870	W	49	145	0.29
16.581036	W	140	152	0.22
18.431111	W	128	184	0.27
15.401587	W	92	211	0.24
19.219597	W	125	63	0.30
19.716744	W	71	43	0.18
19.708304	W	215	32	0.12
21.071337	W	160	166	0.13
18.530713	W	192	56	0.29
16.786197	W	107	177	0.14
14.147147	W	176	66	0.19
17.446044	W	161	62	0.28
12.913017	W	204	165	0.30
15.808784	P	17	131	0.24
21.091658	W	213	130	0.30
18.567708	W	11	101	0.30
21.051550	W	176	6	0.11
15.753639	W	102	181	0.10
18.040992	W	44	128	0.21
22.718204	W	114	136	0.23
14.406848	W	26	31	0.22
15.076836	W	142	143	0.19
18.829664	W	127	196	0.11
18.490994	W	70	83	0.15
18.411346	W	157	80	0.20
19.617425	W	183	3	0.21
20.086929	W	126	141	0.17
18.428282	W	192	142	0.15
17.973286	W	140	104	0.20
20.237307	W	116	173	0.10
15.121570	W	29	102	0.21
22.263138	P	156	3	0.14
20.929194	W	85	84	0.14
21.634418	W	17	147	0.17
19.512886	W	117	110	0.22
14.346820	W	21	36	0.26
20.233005	W	2	95	0.10
15.614982	W	61	51	0.12
17.460440	W	210	191	0.13
17.954467	W	184	139	0.20
17.493797	P	68	28	0.29
19.144440	W	81	59	0.25
15.017746	W	4	211	0.27
15.340788	W	99	200	0.12
